   +0 +1 +2 +3 +4 +5 +6 +7
00 84 20 08 21 20 20 82 20
08 03 22 08 21 02 22 20 21
10 10 04 84 20 08 23 60 00
18 00 00 00 00 00 00 00 00
20 28 00 01 00 00 00 00 00
28 21 B5 37 08 5C 84 A1 1D
30 72 FF F6 43 03 A9 D4 19
38 31 D9 47 82 14 52 07 CA
40 04 00 00 00 00 00 00 00
48 00 00 00 00 00 00 00 00
50 00 00 00 00 00 00 00 00
58 00 00 00 00 00 00 00 00
60 00 00 00 00 00 00 00 00
68 00 00 00 00 00 00 00 00
70 00 00 00 00 00 00 00 00
78 00 00 00 00 00 00 00 00
80 00 00 00 00 00 00 00 00
88 00 00 00 00 00 00 00 00
90 00 00 00 00 00 00 00 00
98 00 00 00 00 00 00 00 00
A0 00 00 00 00 00 00 00 00
A8 00 00 00 00 00 00 00 00
B0 00 00 00 00 00 00 00 00
B8 00 00 00 00 00 00 00 00
C0 00 00 00 00 00 00 00 00
C8 00 00 00 00 00 00 00 00
D0 00 00 00 00 00 00 00 00
D8 00 00 00 00 00 00 00 00
E0 00 00 00 00 00 00 00 00
E8 00 00 00 00 00 00 00 00
F0 00 00 00 00 00 00 00 00
F8 00 00 00 00 00 00 00 00
