   +0 +1 +2 +3 +4 +5 +6 +7
00 00 00 00 00 00 00 00 00
08 00 00 00 00 00 00 00 00
10 00 00 00 00 00 00 00 00
18 00 00 00 00 00 00 00 00
20 00 00 00 00 00 00 00 00
28 00 00 00 00 00 00 00 00
30 00 00 00 00 00 00 00 00
38 00 00 00 00 00 00 00 00
40 00 00 00 00 00 00 00 00
48 00 00 00 00 00 00 00 00
50 00 00 00 00 00 00 00 00
58 00 00 00 00 00 00 00 00
60 00 00 00 00 00 00 00 00
68 00 00 00 00 00 00 00 00
70 00 00 00 00 00 00 00 00
78 00 00 00 00 00 00 00 00
80 00 00 00 00 00 00 00 00
88 00 00 00 00 00 00 00 00
90 00 00 00 00 00 00 00 00
98 00 00 00 00 00 00 00 00
A0 00 00 00 00 00 00 00 00
A8 00 00 00 00 00 00 00 00
B0 00 00 00 00 00 00 00 00
B8 00 00 00 00 00 00 00 00
C0 00 00 00 00 00 00 00 00
C8 00 00 00 00 00 00 00 00
D0 00 00 00 00 00 00 00 00
D8 00 00 00 00 00 00 00 00
E0 00 00 00 00 00 00 00 00
E8 00 00 00 00 00 00 00 00
F0 00 00 00 00 00 00 00 00
F8 00 00 00 00 00 00 00 00
